1 2
101 4
201 9
301 10
401 14
501 16
601 20
701 22
801 25
901 28
1001 32
1101 33
1201 36
1301 40
1401 41
1501 61
1601 48
1701 51
1801 53
1901 56
2001 59
2101 62
2201 65
2301 68
2401 70
2501 74
2601 76
2701 79
2801 82
2901 85
3001 88
3101 91
3201 105
3301 96
3401 99
3501 101
3601 104
3701 107
3801 109
3901 113
4001 115
4101 118
4201 121
4301 124
4401 126
4501 130
4601 132
4701 135
4801 138
4901 140
5001 160
5101 146
5201 149
5301 151
5401 154
5501 174
5601 159
5701 162
5801 165
5901 168
6001 193
6101 160
6201 145
6301 148
6401 150
6501 166
6601 154
6701 157
6801 159
6901 161
7001 177
7101 155
7201 112
7301 113
7401 115
7501 117
7601 130
7701 120
7801 120
7901 123
8001 125
8101 126
8201 127
8301 141
8401 129
8501 132
8601 134
8701 135
8801 137
8901 175
9001 139
9101 141
9201 142
9301 144
9401 145
9501 160
9601 149
9701 150
9801 152
9901 153
